Calabria 7 550 350 650 250 750 400 650 350 670 470 580 550 600 450 city1 100 630 430
Sicilia 3 400 500 550 500 440 590 city2 50 460 535
Lucjum 4 550 350 650 250 550 100 440 130 Rzym 30 550 205
Alps 4 440 130 310 90 590 0 550 100 Wenecja 70 540 40
 Dalmatia 3 590 0 740 100 820 300 Dubrovnik 50 750 155
 Ilyria 6 590 0 780 -10  1000 130 900 150 820 300 740 100 Salona 100 770 95 
 Macedonia 4 820 300 900 150 1000 130 1030 305 Pella 100 941 224
 Tesalia 6 820 300 1030 305 1080 315 1050 325 1030 360 800 380 Larisa 100 976 350
 Greece 6 800 380 910 370 960 420 910 490 841 465 780 425 Atheny 100 895 450
 Kreta 6 905 560 990 550 980 560 1030 560 1000 575 885 580 Heraklion 100 955 560  
 Tracja 4 1000 130 1111 115 1080 315 1030 305 Bizancjum 100 1050 280
 Dacja 5 990 -75 1140 -90 1111 115 1000 130 913 75 Sarmizegetusa 2 1016 12
 Pannonia 4 865 -85 990 -75 913 75 780 -10 Cartunum 1 885 -24
 Sarmacja 9 840 -440 1100 -460 1200 -250 1140 -90 990 -75 865 -85 990 -200 970 -250 820 -350 Grojec 1 970 -300
 Silesia 5 760 -270 820 -350 970 -250 990 -200 833 -60 Klodzko 1 835 -240 
 Hercynia 4 600 -170 760 -270 833 -60 780 -10 Lovosice 1 725 -100
 Pomoria 7  610 -490 760 -460 770 -450 840 -440 820 -350 970 -250 760 -270  Gdansk 10 755 -430
 Wielkopolskla 4 500 -300 610 -490 760 -270 600 -170 Poznan 10 685 -290 
 Suebia 7 176 -500 320 -500 390 -530 490 -495 610 -490 500 -300 260 -310 Nida 1 280 -450
 Danes  5 330 -590 370 -630  430 -550 390 -530  320 -500 Jutland 1 360 -560
 Nuricum 5 430 -125 600 -170 780 -10 590 0 500 27 Nuricum 1 490 -110
 Germania 4 260 -310 500 -300 600 -170 430 -125 Ausburg 1 400 -220
 Galia 4 150 0 430 -130 500 27 310 90 Narbona 1 290 40 
 Belgica 4 40 -445  176 -500 260 -310 160 -320 Bruges 1 140 -420
 Austria 4 210 -110 310 -150  425 -130 150 0 Ioanum 1 265 -80
 CentralEurope 7 125 -200 160 -320 260 -310 425 -130 310 -150 210 -110 150 0 Trier 1 220 -185
 Liguria 4  -225 -80  -125 -200 310 90 -155 150	Marsylia 1 -50 -5
 Galia_Centralna  4 -125 -200 160 -320 125 -200 150 -20 Lyon 10 2 -185
 Brytania 4 -230 -330 40 -445 160 -320  -125 -200  Samarobriva 10 -100 -290
 Armorika 6 -400 -370 -230 -330 -125 -200  -225 -80 -335 -25  -320 -275  Cenomani 1 -310 -255
 Gallecja  4 -600 -100 -335 -25 -390 70 -680 20 Asturica  1 -515 -15
 Taraconenis 5  -260 240 -390 70 -335 -25 -225 -80 -155 150 Barcelona 1 -250 200
 Hispania 4 -530 300 -330 150 -260 240 -385 415 Cartago 1 -400 320
 Ceiticia 4	-515 50 -390 70 -330 150 -530 300 Numantia 10 -440 120
 Beatica 6 -755 250 -530 300 -385 415 -565 385 -600 405 -620 345 Kordoba 1 -570 330
 Lusitania 4 -755 250 -680 20 -515 50 -530 300 Porto 1 -630 180